data
19457
28676
31748
7173
2058
15370
26639
5139
6163
18457
7194
27676
26653
24605
17437
30750
5150
10271
12321
21539
20521
14378
43
7211
31789
20525
31791
9268
2101
14390
54
21563
2108
12361
20554
9292
28748
2125
21583
2128
17490
22618
19548
28765
11357
15453
29791
4193
14434
16483
17510
23654
28774
20584
17516
30833
9330
18546
21623
14458
7290
11389
14463
15491
13445
4232
3215
24719
1172
20628
18582
5272
28824
3229
12445
16543
19617
3235
19622
13481
9390
31920
2225
23730
179
19637
15543
6327
9401
186
30907
29885
23744
3267
198
1231
9426
10451
2260
22741
20697
18654
27872
23776
24801
13537
20706
230
17641
7404
20717
22767
4335
240
16625
17650
20728
19706
8444
14589
13569
6401
29954
17669
5381
3334
25863
28936
11530
29964
3342
9486
4368
23825
13585
13589
15639
22808
4376
18713
20764
18718
3359
19743
17696
31011
21798
14636
1325
6445
4399
4400
32049
9522
19767
30008
22843
25915
30012
27971
24900
6470
4424
9546
11597
19789
335
3407
17743
16720
27987
17748
4444
26972
32093
29025
17764
31080
2410
26987
16747
13678
16750
4463
30063
6518
6520
30074
13694
30081
25986
18820
25994
14734
1423
29071
8592
14736
23957
17817
27035
7583
416
3489
11682
419
4516
6566
17832
21935
18866
16819
13750
27063
3513
20923
5566
22977
16836
18889
15817
21961
459
24014
25039
4560
7633
9681
9683
31189
8661
30166
28123
10715
9695
20962
32229
9701
5612
21998
496
14833
18932
3574
2552
18938
14844
10749
17918
27138
9736
10761
16906
16909
1550
24078
16910
12821
3608
32283
11807
15911
30248
20011
4653
6702
15919
9776
26161
1594
29246
16963
7750
8774
2631
16969
23114
4683
15947
21073
30289
13909
8791
30295
1623
29272
3673
28250
22106
1626
24156
18014
15967
7777
14946
15971
12901
10854
1641
7787
32363
28268
1644
32366
24174
8815
13937
26225
21109
11897
22138
637
24191
17023
4735
1663
23168
22145
23169
6786
25222
649
650
6795
16012
22158
28309
29335
665
15002
22172
9884
22175
26272
1699
9892
28325
26279
7848
11944
1705
28330
28332
16046
5810
19123
1715
3769
19129
23228
6845
17085
12989
708
3780
23241
8908
31436
23246
19154
10963
10968
16088
9945
7899
26332
16094
2783
29410
22243
12009
23277
30447
20207
2802
5875
8947
15091
8948
2806
28407
4855
19192
13048
32512
25347
17156
31494
27399
23304
22280
20234
6928
19220
22293
790
791
8984
5918
15136
23330
1829
27431
24360
22315
27435
21292
7982
16174
15151
14129
825
16185
32571
24388
836
9029
20293
31558
13126
19280
13137
24408
19291
26459
13149
9058
23395
13156
17252
1892
30564
30566
26471
14184
5993
19306
32620
24431
8050
19320
13180
32636
18301
9086
10110
895
23423
17279
26498
28547
25477
7046
6026
30606
27534
12175
20373
21399
8087
17303
13209
9118
32673
9121
11170
31651
28580
15276
23469
14256
8114
20404
12215
3000
5048
14264
12218
30651
10173
28605
17342
30656
21440
5056
7105
18371
31684
12228
11209
3018
25546
9164
31696
23508
9179
23515
23516
8156
4061
12253
32734
8159
11232
16356
25572
31719
2028
3064
10232
28666
2047
